356.6 1,522,200 20.43% 374.6 2,086,500 15.87% 391.4 1,555,700 14.61% 325.8 980,300 23.50% 344.0 777,700 24.01%
445.3 1,586,500 24.66% 423.6 1,851,600 20.92% 482.2 1,433,900 22.85% 469.6 914,400 28.73% 412.4 885,300 27.84%
436.2 1,124,700 22.63% 446.6 1,208,700 22.16% 445.6 1,141,500 20.73% 338.6 830,200 23.67% 411.7 703,400 28.98%
403.3 1,035,100 22.03% 388.7 1,230,100 23.51% 383.5 1,089,900 23.35% 347.3 799,400 23.81% 431.1 636,000 20.32%
382.8 909,400 28.67% 401.5 1,346,400 31.64% 384.8 1,117,800 31.69% 357.2 648,600 24.20% 382.0 504,700 25.00%
341.1 999,000 27.80% 439.0 1,387,200 24.40% 386.6 1,301,800 22.65% 415.0 1,230,500 26.76% 285.0 714,900 31.82%
356.3 1,575,600 22.90% 389.0 1,784,000 26.13% 365.5 1,519,400 23.44% 271.9 999,500 8.03% 203.5 825,200 20.56%
344.0 1,458,100 26.38% 358.3 2,008,900 25.37% 378.1 1,421,800 24.13% 394.1 947,900 25.07% 324.8 676,300 27.27%
376.2 981,600 28.84% 384.5 1,491,100 24.96% 410.4 1,132,100 33.33% 300.4 834,300 22.61% 382.3 503,700 35.14%
443.3 1,012,700 32.25% 421.4 1,264,100 30.67% 403.8 1,033,300 26.62% 481.5 866,800 27.21% 460.3 655,700 35.02%
401.8 1,008,100 24.24% 482.7 1,891,200 17.96% 476.0 1,739,400 18.32% 400.3 1,141,000 29.42% 394.1 820,500 24.72%
375.1 1,889,800 25.20% 364.8 3,079,100 24.08% 374.6 2,099,400 22.06% 355.0 1,785,100 18.69% 373.8 1,064,900 27.40%
440.6 2,553,100 22.29% 418.4 2,836,500 22.23% 433.7 1,673,500 21.18% - - - 480.3 1,256,400 24.95%
359.7 2,319,900 25.59% 374.7 2,742,900 27.62% 392.2 1,834,100 34.13% - - - 299.7 801,700 16.98%
380.1 1,531,500 27.34% 395.2 1,759,600 25.74% 380.9 1,404,000 26.13% 336.7 903,000 18.31% 369.6 794,900 29.46%
400.7 1,369,600 29.05% 426.7 2,031,500 23.22% 351.0 1,323,700 30.48% 338.1 953,000 17.64% 395.3 823,700 33.64%
360.6 936,400 27.06% 376.0 2,201,600 23.36% 387.3 1,847,600 22.22% 363.5 940,000 18.29% 359.1 769,200 27.98%
306.0 2,195,200 28.52% 318.6 4,107,700 32.36% 321.8 3,045,800 31.40% 339.5 2,005,100 22.03% 288.1 954,500 26.58%
386.7 1,528,500 28.69% 347.3 2,144,200 17.49% 343.8 1,698,500 19.42% 337.0 1,129,600 23.67% 404.6 966,200 32.40%
420.8 1,526,500 25.69% 394.6 2,841,100 29.38% 426.2 1,976,300 28.68% 353.0 611,500 31.77% 434.8 631,300 23.17%
342.0 2,954,600 26.85% 334.9 3,631,100 28.02% 394.1 1,620,300 24.09% 277.7 1,111,100 22.28% 400.0 1,254,100 28.62%
376.3 1,409,200 25.52% 375.8 2,092,100 24.60% 368.1 1,148,000 29.02% 336.8 973,700 21.72% 377.1 770,400 26.84%
382.1 1,297,000 28.48% 420.8 2,531,400 23.73% 350.9 1,811,700 37.23% 445.4 1,199,500 33.31% 364.9 918,900 28.49%
403.2 1,305,700 33.60% 400.1 1,878,600 24.56% 348.6 1,133,400 31.40% 394.1 943,300 27.75% 409.9 943,700 38.11%
466.3 1,451,300 22.71% 480.0 1,690,900 21.64% 482.7 1,522,400 21.10% 550.1 1,006,100 22.22% 375.5 840,000 30.47%
426.0 1,590,400 27.70% 376.4 1,703,400 28.38% 453.0 1,515,900 27.21% 416.8 1,200,500 18.85% 390.3 1,109,000 31.06%
422.5 1,314,300 24.26% 430.0 1,461,700 22.65% 406.1 1,355,500 23.10% - - - 413.3 617,800 36.94%
423.8 1,045,200 27.77% 420.2 1,238,800 31.93% 440.8 1,062,300 31.27% 394.6 839,000 39.04% 440.1 671,200 18.59%
374.5 995,100 30.31% 427.2 1,504,400 35.71% 423.3 1,166,500 38.79% 374.4 814,200 25.43% 311.8 640,000 22.13%
428.4 1,191,300 29.39% 437.5 1,249,700 27.92% 439.4 1,045,000 28.67% 420.6 929,500 39.36% 385.3 793,200 36.00%
417.7 1,023,900 33.32% 435.9 1,428,700 38.34% 424.0 1,108,600 39.61% 370.6 802,800 18.74% 408.6 699,700 30.67%
424.1 977,700 30.49% 420.5 1,310,700 30.83% 383.2 993,400 30.83% 416.8 764,200 46.30% 431.8 589,200 25.96%
434.9 1,038,400 38.02% 439.0 1,246,500 37.53% 416.6 1,018,900 33.18% 468.6 843,600 44.36% 426.8 800,600 37.63%
465.2 1,304,600 42.83% 455.6 1,459,700 44.18% 462.4 1,199,000 45.82% 523.0 853,200 44.92% 390.5 630,000 28.96%
451.8 963,500 31.03% 459.1 1,276,900 36.15% 470.2 1,065,100 35.94% 353.6 694,000 33.89% 524.6 665,000 23.96%