341.6 1,458,200 17.15% 364.9 2,032,500 17.79% 380.3 1,511,600 17.34% 298.5 898,100 13.97% 327.1 739,500 16.70%
416.8 1,485,000 22.62% 390.7 1,707,800 21.07% 444.3 1,321,200 21.99% 444.5 865,500 22.76% 397.9 854,200 22.88%
405.5 1,045,600 19.05% 415.6 1,124,800 19.70% 410.3 1,051,100 16.43% 316.7 776,500 17.25% 394.5 674,100 25.40%
382.8 982,500 19.92% 367.5 1,163,000 22.99% 365.3 1,038,200 22.05% 327.0 752,700 18.22% 411.5 607,000 17.20%
359.4 853,800 23.59% 372.5 1,249,200 27.70% 360.7 1,047,800 28.78% 342.4 621,800 18.40% 358.2 473,200 18.14%
328.1 961,000 25.61% 419.6 1,325,900 22.87% 372.2 1,253,400 22.07% 400.2 1,186,700 25.34% 274.2 687,800 28.31%
342.0 1,512,300 21.84% 370.3 1,698,200 24.14% 354.6 1,474,100 23.47% 283.1 1,040,700 22.93% 195.0 790,700 16.49%
325.2 1,378,400 23.51% 346.2 1,941,100 26.54% 367.1 1,380,400 25.03% 379.3 912,300 21.45% 300.8 626,400 21.34%
362.0 944,500 26.04% 372.7 1,445,300 27.07% 397.5 1,096,500 35.02% 275.2 764,300 13.91% 367.1 483,700 25.93%
414.4 946,600 29.14% 398.9 1,196,600 32.04% 386.8 989,800 26.03% 450.3 810,600 25.29% 425.0 605,500 27.82%
387.9 973,200 22.17% 451.1 1,767,400 7.35% 447.3 1,634,500 8.20% 369.4 1,052,900 21.31% 382.6 796,500 24.06%
360.8 1,817,800 22.26% 341.7 2,884,100 18.81% 351.0 1,967,200 16.15% 344.2 1,730,800 14.96% 364.5 1,038,400 26.30%
411.5 2,384,500 19.17% 393.4 2,667,000 19.21% 400.5 1,545,400 17.00% - - - 444.9 1,163,800 21.19%
338.4 2,182,500 23.55% 351.1 2,570,100 24.55% 358.0 1,674,200 28.32% - - - 289.9 775,500 18.42%
357.3 1,439,600 21.49% 369.3 1,644,300 20.84% 352.5 1,299,400 17.38% 323.0 866,300 14.42% 349.2 751,000 22.74%
378.5 1,293,700 24.84% 407.6 1,940,600 22.29% 335.7 1,266,000 28.82% 324.8 915,500 14.25% 370.8 772,700 27.51%
349.4 907,300 25.05% 364.1 2,131,900 24.52% 379.6 1,810,900 25.40% 362.7 938,000 19.55% 347.2 743,700 25.48%
290.4 2,083,300 25.17% 315.9 4,072,900 31.41% 315.4 2,985,300 28.63% 324.5 1,916,500 20.90% 262.2 868,700 21.00%
366.2 1,447,500 24.86% 350.5 2,164,000 22.00% 345.1 1,705,000 23.69% 321.1 1,076,300 20.49% 375.7 897,200 25.69%
400.2 1,451,800 22.05% 379.5 2,732,400 27.43% 406.9 1,886,800 25.82% 331.2 573,800 21.50% 410.9 596,600 18.83%
316.3 2,732,600 21.14% 308.2 3,341,600 23.43% 356.2 1,464,500 19.97% 269.3 1,077,500 17.24% 366.5 1,149,100 21.20%
354.6 1,327,900 22.23% 350.7 1,952,400 20.68% 343.7 1,071,900 26.13% 326.3 943,300 18.31% 355.9 727,100 22.94%
365.7 1,241,300 26.28% 406.2 2,443,600 25.80% 340.8 1,759,600 40.59% 412.6 1,111,100 25.03% 349.8 880,900 25.87%
377.6 1,222,800 27.91% 375.7 1,764,000 20.92% 330.2 1,073,500 27.69% 372.9 892,500 21.74% 383.0 881,800 31.75%
438.9 1,366,100 20.08% 453.1 1,596,200 20.54% 453.0 1,428,700 19.21% 538.2 984,400 22.93% 348.3 779,100 22.00%
401.4 1,498,600 25.40% 354.9 1,606,100 27.89% 421.2 1,409,500 24.95% 414.7 1,194,400 19.96% 368.4 1,046,800 23.05%
399.6 1,243,100 25.15% 408.7 1,389,300 25.06% 383.1 1,278,700 24.38% - - - 382.0 571,000 29.23%
402.7 993,200 26.44% 393.5 1,160,100 30.77% 405.1 976,300 26.63% 362.2 770,100 28.90% 437.0 666,400 20.25%
358.6 952,800 28.95% 404.9 1,425,900 35.55% 400.8 1,104,500 38.02% 362.5 788,300 22.67% 301.0 617,800 20.26%
411.5 1,144,300 28.47% 422.1 1,205,700 28.65% 418.2 994,600 25.43% 390.1 862,100 29.34% 364.1 749,500 28.79%
393.7 965,100 28.96% 413.0 1,353,700 34.79% 403.3 1,054,500 35.02% 368.5 798,300 20.74% 378.4 648,000 24.11%
408.5 941,700 29.39% 403.0 1,256,200 30.72% 360.9 935,600 28.94% 382.3 700,900 36.73% 424.2 578,800 25.06%
400.8 957,000 32.06% 406.9 1,155,300 34.65% 385.6 943,100 29.92% 446.1 803,100 38.97% 388.8 729,300 28.32%
433.0 1,214,300 39.59% 420.0 1,345,700 41.51% 425.2 1,102,600 42.97% 503.0 820,500 40.74% 374.7 604,500 26.63%
429.7 916,400 28.92% 433.1 1,204,600 34.54% 440.4 997,600 33.37% 336.3 660,000 27.87% 506.2 641,700 23.80%