337.9 1,442,400 17.74% 367.2 2,045,300 22.28% 382.6 1,520,700 21.54% 293.0 881,600 7.05% 319.7 722,800 15.79%
406.6 1,448,700 19.83% 384.1 1,678,900 19.55% 436.2 1,297,100 20.23% 425.9 829,300 15.80% 387.9 832,700 20.43%
396.4 1,022,100 19.43% 406.9 1,101,300 20.81% 401.7 1,029,000 17.39% 307.0 752,800 13.28% 383.3 654,900 22.26%
377.3 968,400 17.25% 354.7 1,122,500 20.61% 347.8 988,500 18.78% 317.3 730,400 11.76% 417.4 615,800 15.14%
346.9 824,100 20.58% 359.6 1,205,900 25.69% 345.5 1,003,600 26.60% 329.9 599,100 14.87% 350.8 463,500 14.19%
320.9 939,900 24.72% 408.1 1,289,600 22.52% 368.2 1,239,900 23.52% 380.1 1,127,100 18.08% 270.2 677,800 28.85%
332.0 1,468,100 20.90% 359.7 1,649,600 23.78% 351.2 1,459,900 25.07% 267.4 983,000 13.84% 185.6 752,600 9.76%
317.9 1,347,500 20.97% 335.9 1,883,300 24.32% 365.2 1,373,300 25.71% 366.3 881,000 16.25% 296.3 617,000 19.00%
349.1 910,900 24.23% 358.4 1,389,900 24.79% 390.9 1,078,300 29.14% 268.3 745,200 7.49% 354.0 466,400 26.29%
395.0 902,300 24.06% 373.1 1,119,300 24.70% 367.5 940,400 20.45% 437.8 788,100 22.43% 409.9 583,900 23.87%
382.8 960,400 21.76% 415.7 1,628,700 8.85% 412.6 1,507,700 9.56% 360.1 1,026,400 18.26% 380.9 793,000 23.55%
352.4 1,775,500 19.05% 333.8 2,817,400 18.71% 348.0 1,950,300 17.81% 328.3 1,650,800 6.73% 354.6 1,010,200 20.49%
403.3 2,337,000 19.39% 386.1 2,617,500 20.43% 397.4 1,533,400 21.20% - - - 429.0 1,122,200 16.73%
325.3 2,098,000 20.26% 337.0 2,466,900 21.27% 340.6 1,592,800 24.35% - - - 279.4 747,400 14.51%
352.1 1,418,700 25.21% 360.8 1,606,400 24.37% 345.8 1,274,700 24.03% 314.8 844,300 10.85% 346.6 745,500 26.91%
375.4 1,283,100 25.85% 401.0 1,909,100 23.01% 332.6 1,254,300 29.77% 318.0 896,300 11.11% 370.1 771,200 29.27%
349.0 906,200 25.81% 352.2 2,062,200 16.97% 358.9 1,712,100 15.44% 351.1 908,000 16.61% 348.4 746,300 27.15%
288.5 2,069,700 21.27% 296.2 3,818,900 24.82% 296.9 2,810,200 22.33% 309.3 1,826,700 10.70% 275.8 913,700 20.17%
362.5 1,432,800 23.30% 350.0 2,160,900 26.31% 345.0 1,704,500 28.06% 306.6 1,027,700 9.89% 371.5 887,100 22.61%
394.4 1,430,800 19.23% 364.2 2,622,200 22.34% 395.2 1,832,500 21.64% 329.0 569,900 21.72% 411.7 597,800 17.09%
310.7 2,684,200 21.37% 304.2 3,298,200 23.56% 349.6 1,437,300 20.22% 266.6 1,066,700 18.91% 355.2 1,113,700 20.28%
352.0 1,318,200 22.73% 342.3 1,905,600 17.83% 338.6 1,056,000 25.13% 321.4 929,200 18.16% 359.3 734,000 26.78%
356.7 1,210,800 24.55% 401.2 2,413,500 23.56% 340.8 1,759,600 39.50% 379.0 1,020,600 21.28% 342.3 862,000 24.34%
368.1 1,192,100 26.32% 364.5 1,711,400 21.10% 317.1 1,030,900 27.71% 357.0 854,500 17.40% 375.5 864,500 29.80%
435.0 1,353,900 19.31% 445.0 1,567,600 18.54% 450.7 1,421,400 18.67% 523.3 957,100 23.10% 347.3 776,900 21.05%
397.6 1,484,400 23.25% 351.4 1,590,300 25.19% 418.3 1,399,800 22.20% 407.3 1,173,100 21.08% 364.8 1,036,600 22.99%
384.5 1,196,100 22.65% 389.0 1,322,300 22.48% 368.7 1,230,600 21.44% - - - 386.5 577,700 27.05%
390.5 963,100 25.20% 383.3 1,130,000 30.86% 393.2 947,600 26.19% 340.4 723,800 19.31% 424.2 646,900 19.02%
348.3 925,400 26.65% 384.6 1,354,400 32.16% 379.4 1,045,500 33.83% 356.5 775,300 20.72% 300.4 616,600 19.92%
397.5 1,105,400 27.77% 406.0 1,159,700 28.28% 402.7 957,700 25.18% 367.1 811,300 21.80% 360.4 741,900 27.76%
379.1 929,300 25.65% 394.2 1,292,100 30.01% 383.4 1,002,500 30.01% 358.7 777,100 18.70% 369.6 633,000 22.42%
391.5 902,600 27.57% 387.4 1,207,500 30.09% 346.8 899,100 29.89% 360.4 660,800 27.58% 406.9 555,200 23.19%
392.3 936,700 30.98% 397.1 1,127,500 34.66% 377.8 924,000 29.87% 425.8 766,600 30.98% 383.4 719,200 27.29%
409.5 1,148,400 33.82% 395.3 1,266,500 36.08% 397.7 1,031,300 36.34% 471.1 768,500 31.78% 368.3 594,200 23.01%
413.8 882,500 26.70% 408.5 1,136,200 28.46% 415.5 941,200 27.77% 310.9 610,200 20.88% 508.5 644,600 28.57%