337.5 1,440,700 16.98% 363.1 2,022,500 20.63% 379.5 1,508,400 19.98% 289.4 870,700 8.84% 322.3 728,700 15.44%
399.5 1,423,400 16.71% 376.5 1,645,700 16.38% 424.3 1,261,700 16.47% 422.6 822,900 14.43% 385.5 827,500 17.57%
392.5 1,012,100 18.12% 399.4 1,081,000 18.41% 401.5 1,028,500 17.98% 302.8 742,500 12.11% 381.4 651,700 19.82%
365.6 938,400 14.61% 348.2 1,101,900 18.19% 338.9 963,200 15.59% 310.8 715,400 11.88% 399.1 588,800 11.98%
341.2 810,500 19.22% 348.2 1,167,700 21.58% 335.9 975,700 23.22% 325.5 591,100 14.57% 355.0 469,000 16.39%
315.5 924,100 21.58% 402.7 1,272,500 21.04% 365.0 1,229,100 22.03% 372.7 1,105,100 14.75% 264.8 664,200 24.32%
325.6 1,439,800 17.93% 351.3 1,611,100 20.27% 343.6 1,428,300 22.45% 255.7 940,000 13.59% 186.2 755,000 6.22%
312.6 1,325,000 18.90% 326.7 1,831,700 22.18% 356.1 1,339,100 22.79% 359.5 864,600 14.53% 293.8 611,800 16.73%
335.1 874,300 18.79% 351.6 1,363,500 24.15% 386.6 1,066,400 29.43% 266.4 739,900 9.49% 327.0 430,800 12.95%
387.9 886,100 20.77% 361.7 1,085,100 21.83% 356.5 912,300 17.77% 425.3 765,600 17.10% 408.8 582,400 20.88%
379.3 951,600 18.94% 448.7 1,757,900 16.24% 444.7 1,625,000 16.81% 349.8 997,100 13.76% 374.0 778,600 19.53%
347.0 1,748,300 16.44% 328.6 2,773,500 17.23% 341.9 1,916,200 16.02% 328.7 1,652,800 4.92% 349.1 994,600 16.99%
398.6 2,309,700 17.72% 380.5 2,579,600 18.79% 393.0 1,516,500 20.40% - - - 428.5 1,120,900 15.10%
324.2 2,090,900 19.94% 334.6 2,449,400 20.66% 349.5 1,634,500 27.37% - - - 279.1 746,600 15.09%
351.2 1,415,100 24.06% 354.7 1,579,300 24.59% 343.7 1,266,900 25.81% 312.8 838,900 10.61% 350.3 753,400 24.31%
368.0 1,257,800 23.08% 392.6 1,869,100 20.65% 324.2 1,222,600 26.54% 313.8 884,500 10.22% 362.9 756,200 25.61%
338.4 878,700 21.25% 349.5 2,046,400 13.29% 361.6 1,725,000 15.86% 339.9 879,000 10.14% 336.9 721,600 22.33%
283.8 2,036,000 13.93% 285.8 3,684,800 18.69% 287.1 2,717,400 16.42% 315.7 1,864,500 10.08% 274.7 910,100 11.08%
347.8 1,374,700 17.62% 325.2 2,007,800 16.89% 322.2 1,591,800 19.64% 307.4 1,030,400 8.93% 359.4 858,200 17.84%
386.4 1,401,700 14.76% 350.7 2,525,000 15.93% 380.7 1,765,300 14.26% 328.0 568,200 21.17% 407.3 591,400 13.36%
309.5 2,673,800 19.50% 304.5 3,301,500 21.75% 358.7 1,474,800 20.21% 263.5 1,054,300 14.81% 351.0 1,100,500 19.43%
347.9 1,302,800 19.80% 342.1 1,904,500 18.05% 334.8 1,044,100 23.54% 321.9 930,600 17.65% 351.3 717,700 20.64%
346.9 1,177,500 19.09% 397.0 2,388,300 22.23% 325.8 1,682,100 30.74% 366.5 987,000 15.58% 331.7 835,300 17.87%
359.6 1,164,500 23.79% 359.8 1,689,300 21.06% 310.9 1,010,800 27.42% 355.9 851,900 18.63% 364.1 838,200 25.51%
427.7 1,331,200 16.67% 437.9 1,542,600 15.69% 445.4 1,404,700 16.38% 503.1 920,200 16.03% 337.4 754,700 18.76%
384.3 1,434,700 18.54% 339.7 1,537,300 20.21% 404.3 1,353,000 17.56% 395.5 1,139,100 15.24% 355.0 1,008,700 19.77%
374.3 1,164,400 17.34% 377.8 1,284,200 17.04% 357.9 1,194,600 16.43% - - - 378.2 565,300 21.76%
377.7 931,500 20.10% 371.1 1,094,000 27.57% 379.1 913,600 22.45% 325.9 692,900 14.59% 410.3 625,700 11.40%
337.9 897,800 23.41% 369.1 1,299,800 26.71% 359.9 991,800 26.55% 352.5 766,600 20.02% 294.1 603,700 18.40%
384.5 1,069,300 24.59% 393.0 1,122,600 25.52% 389.0 925,200 23.61% 351.5 776,800 17.95% 348.5 717,400 22.54%
373.8 916,300 22.76% 386.5 1,266,800 27.52% 369.6 966,400 25.59% 356.0 771,200 18.90% 367.7 629,700 19.38%
377.7 870,700 23.43% 374.1 1,166,100 27.51% 335.9 870,800 28.06% 343.0 628,900 22.50% 393.3 536,600 16.78%
379.9 907,100 27.14% 385.5 1,094,600 32.29% 365.0 892,700 27.18% 405.1 729,300 25.03% 371.5 696,800 22.32%
396.8 1,112,800 28.87% 384.0 1,230,300 32.46% 386.4 1,002,000 31.21% 450.1 734,200 23.42% 353.8 570,800 16.31%
393.1 838,300 22.42% 390.2 1,085,300 25.18% 398.9 903,600 25.60% 306.5 601,500 19.77% 472.7 599,200 21.83%