392.1 1,673,800 24.00% 404.6 2,253,600 20.52% 427.0 1,697,200 18.94% 351.6 1,057,900 29.41% 380.9 861,200 25.75%
455.5 1,622,900 21.18% 424.2 1,854,200 17.25% 475.6 1,414,300 16.28% 499.3 972,200 28.85% 445.1 955,500 27.46%
461.3 1,189,500 22.82% 468.0 1,266,600 21.68% 470.8 1,206,000 21.06% 366.1 897,700 30.66% 448.9 767,000 30.08%
425.4 1,091,800 24.90% 405.9 1,284,500 23.64% 409.5 1,163,800 24.92% 376.3 866,200 29.76% 456.5 673,400 25.21%
403.7 959,000 25.92% 406.2 1,362,200 24.18% 392.3 1,139,500 26.02% 388.7 705,800 30.26% 426.2 563,100 23.57%
360.1 1,054,700 25.65% 453.2 1,432,100 19.48% 410.7 1,383,000 20.79% 441.4 1,308,800 31.56% 299.9 752,300 27.94%
372.4 1,646,800 19.59% 401.4 1,840,800 20.69% 391.6 1,627,900 22.30% 293.0 1,077,100 17.81% 219.3 889,300 17.59%
361.7 1,533,100 24.12% 367.5 2,060,500 20.85% 399.8 1,503,400 21.04% 418.2 1,005,800 28.91% 347.1 722,800 26.03%
402.5 1,050,200 28.02% 394.7 1,530,600 22.20% 420.1 1,158,800 24.07% 320.6 890,400 28.45% 433.2 570,700 36.23%
475.1 1,085,300 35.32% 431.8 1,295,300 28.51% 424.2 1,085,500 25.28% 516.2 929,300 29.02% 513.9 732,100 43.43%
421.8 1,058,200 21.38% 458.3 1,795,600 8.09% 449.9 1,644,000 6.66% 415.1 1,183,200 25.45% 418.8 871,900 22.92%
383.1 1,930,100 19.91% 368.5 3,110,300 18.83% 383.0 2,146,500 16.10% 367.4 1,847,400 19.05% 381.5 1,086,900 21.85%
444.1 2,573,400 19.32% 418.0 2,833,800 17.45% 436.7 1,685,100 16.73% - - - 497.7 1,301,900 27.35%
365.5 2,357,300 24.19% 376.2 2,753,900 23.43% 392.6 1,836,000 23.65% - - - 317.3 848,800 27.48%
397.1 1,600,000 22.07% 393.7 1,752,900 17.52% 376.0 1,386,000 20.82% 363.8 975,700 23.57% 402.2 865,000 26.28%
413.4 1,413,000 24.52% 425.2 2,024,300 15.70% 352.5 1,329,400 22.23% 364.8 1,028,200 23.24% 416.2 867,300 30.35%
383.2 995,100 26.01% 372.0 2,178,200 14.08% 387.3 1,847,600 12.85% 391.2 1,011,700 18.76% 382.8 820,000 27.39%
321.3 2,305,000 23.20% 332.5 4,286,900 24.16% 332.4 3,146,200 22.12% 359.7 2,124,400 19.70% 304.1 1,007,500 23.37%
407.1 1,609,100 28.42% 371.7 2,294,900 23.16% 371.7 1,836,400 27.21% 349.2 1,170,500 22.61% 425.8 1,016,800 30.53%
445.1 1,614,700 24.26% 404.5 2,912,400 22.28% 432.4 2,005,000 19.84% 380.4 659,000 32.36% 470.6 683,300 25.80%
350.9 3,031,500 23.69% 340.0 3,686,400 20.01% 414.1 1,702,500 22.44% 296.7 1,187,100 24.66% 414.8 1,300,500 33.85%
398.5 1,492,300 24.38% 386.7 2,152,800 16.44% 380.8 1,187,600 20.39% 356.4 1,030,300 27.60% 410.1 837,800 31.06%
406.5 1,379,800 29.71% 422.9 2,544,100 17.05% 356.4 1,840,100 29.27% 461.5 1,242,800 33.50% 396.5 998,500 32.74%
423.5 1,371,500 32.22% 406.5 1,908,600 19.81% 359.7 1,169,400 26.39% 413.3 989,200 27.84% 437.7 1,007,700 38.43%
482.0 1,500,200 18.17% 485.5 1,710,300 13.73% 495.4 1,562,400 14.73% 587.9 1,075,300 22.53% 395.2 884,000 30.69%
444.3 1,658,700 21.43% 386.5 1,749,100 19.47% 463.2 1,550,100 18.01% 454.1 1,307,900 22.56% 425.8 1,209,900 33.10%
438.7 1,364,700 21.66% 440.7 1,498,000 19.01% 421.4 1,406,500 19.58% - - - 455.2 680,400 40.15%
447.3 1,103,200 28.02% 427.7 1,260,900 26.39% 447.4 1,078,200 26.74% 407.3 866,000 32.07% 504.0 768,600 30.64%
394.3 1,047,700 29.07% 427.0 1,503,700 28.31% 425.7 1,173,100 31.75% 404.9 880,500 25.16% 347.7 713,700 29.59%
448.3 1,246,700 26.75% 453.6 1,295,700 24.34% 453.4 1,078,300 25.04% 433.4 957,800 34.81% 418.3 861,100 36.92%
450.6 1,104,500 35.07% 453.6 1,486,800 34.20% 444.2 1,161,400 34.89% 408.4 884,700 23.80% 456.4 781,600 37.64%
451.0 1,039,700 29.90% 434.2 1,353,400 26.33% 391.3 1,014,400 26.96% 434.7 797,000 38.97% 483.5 659,700 33.05%
450.4 1,075,400 34.45% 445.2 1,264,100 31.33% 422.8 1,034,000 29.18% 490.8 883,600 38.21% 452.5 848,800 37.62%
466.7 1,308,800 33.76% 448.6 1,437,300 32.45% 454.1 1,177,500 31.05% 540.0 880,900 38.50% 425.9 687,100 35.68%
467.6 997,200 27.41% 454.8 1,264,900 27.68% 462.8 1,048,300 26.38% 383.1 751,900 35.04% 583.7 739,900 28.74%