383.8 1,638,300 24.89% 395.0 2,200,200 18.19% 413.7 1,644,300 18.40% 344.5 1,036,500 30.20% 374.9 847,600 28.52%
454.9 1,620,700 23.65% 430.4 1,881,300 18.76% 481.8 1,432,700 19.46% 490.9 955,900 32.57% 432.4 928,200 29.31%
464.3 1,197,200 24.14% 473.3 1,281,000 22.46% 476.9 1,221,700 23.01% 359.5 881,500 30.82% 437.7 747,900 33.08%
425.4 1,091,800 26.08% 412.6 1,305,700 24.46% 401.3 1,140,500 22.65% 371.0 854,000 31.42% 451.7 666,400 27.67%
394.6 937,400 26.11% 410.3 1,375,900 27.50% 395.0 1,147,400 28.79% 362.6 658,400 22.87% 404.9 534,900 23.90%
358.2 1,049,100 28.71% 455.7 1,440,000 21.36% 406.9 1,370,200 22.34% 433.3 1,284,800 33.45% 297.8 747,000 32.59%
371.7 1,643,700 20.88% 402.7 1,846,800 22.85% 386.0 1,604,600 24.12% 282.7 1,039,200 13.22% 215.8 875,100 21.71%
359.3 1,523,000 26.69% 369.8 2,073,400 23.06% 395.4 1,486,900 22.38% 415.3 998,800 32.22% 341.5 711,100 28.87%
393.6 1,027,000 30.29% 396.0 1,535,700 25.71% 422.6 1,165,700 28.06% 319.9 888,500 31.21% 408.3 537,900 36.83%
467.2 1,067,300 34.52% 429.7 1,289,000 28.31% 411.5 1,053,000 23.02% 518.1 932,700 27.23% 499.9 712,200 42.91%
419.5 1,052,500 25.45% 471.5 1,847,300 16.05% 466.0 1,702,800 16.27% 412.3 1,175,200 30.76% 414.5 862,900 26.14%
379.8 1,913,500 23.35% 364.3 3,074,800 18.90% 379.5 2,126,900 17.67% 368.3 1,851,900 24.01% 377.6 1,075,700 26.63%
443.8 2,571,600 20.66% 423.5 2,871,100 19.53% 438.4 1,691,600 18.10% - - - 477.6 1,249,300 26.82%
365.1 2,354,700 27.12% 378.8 2,772,900 26.86% 394.6 1,845,400 32.28% - - - 304.7 815,100 24.77%
395.3 1,592,800 26.70% 397.7 1,770,700 22.07% 375.5 1,384,100 21.76% 360.6 967,100 26.04% 395.6 850,800 31.25%
415.0 1,418,400 29.00% 430.1 2,047,700 19.31% 359.2 1,354,600 27.02% 357.3 1,007,100 23.63% 416.4 867,700 36.03%
373.6 970,100 26.52% 377.2 2,208,600 14.16% 395.6 1,887,200 17.18% 379.3 980,900 19.28% 372.0 796,800 27.62%
314.3 2,254,800 23.40% 331.4 4,272,700 25.72% 333.8 3,159,400 24.04% 356.4 2,104,900 26.56% 291.8 966,700 21.38%
400.4 1,582,600 30.81% 364.6 2,251,000 23.47% 360.6 1,781,500 24.86% 350.9 1,176,200 28.44% 419.1 1,000,800 33.56%
432.5 1,569,000 24.07% 405.8 2,921,800 25.32% 434.5 2,014,800 22.74% 370.9 642,500 34.24% 447.2 649,300 23.30%
348.4 3,009,900 25.69% 340.4 3,690,700 23.47% 409.1 1,682,000 22.63% 290.2 1,161,100 27.79% 404.9 1,269,500 30.70%
401.6 1,503,900 28.51% 390.6 2,174,500 20.26% 380.6 1,187,000 25.12% 350.7 1,013,900 26.79% 414.8 847,400 36.45%
409.0 1,388,300 33.70% 429.4 2,583,200 20.96% 361.3 1,865,400 33.27% 454.9 1,225,000 33.60% 398.6 1,003,800 37.02%
425.6 1,378,300 36.41% 417.7 1,961,200 26.38% 366.5 1,191,600 33.56% 412.0 986,100 30.63% 436.8 1,005,600 41.96%
482.2 1,500,800 20.91% 487.5 1,717,300 15.77% 498.2 1,571,300 18.45% 570.2 1,042,900 22.15% 390.0 872,400 31.45%
442.2 1,650,900 23.28% 387.4 1,753,200 22.05% 464.3 1,553,800 20.01% 442.2 1,273,600 24.60% 412.2 1,171,200 33.14%
435.8 1,355,700 22.93% 440.5 1,497,300 21.79% 420.7 1,404,200 21.06% - - - 437.0 653,200 36.35%
444.3 1,095,800 27.53% 436.3 1,286,300 28.74% 452.9 1,091,400 29.14% 394.0 837,700 30.51% 479.3 730,900 24.82%
393.5 1,045,500 31.30% 437.2 1,539,600 31.89% 435.4 1,199,800 36.23% 394.7 858,400 26.55% 338.0 693,800 29.60%
448.3 1,246,700 28.90% 456.9 1,305,100 26.99% 452.7 1,076,700 25.89% 431.2 953,000 34.00% 405.4 834,600 37.10%
443.3 1,086,600 36.65% 449.4 1,473,000 36.80% 438.6 1,146,800 37.02% 381.8 827,100 18.72% 447.3 766,000 38.91%
447.0 1,030,500 29.42% 438.7 1,367,400 29.87% 393.7 1,020,700 32.20% 427.4 783,600 39.22% 466.1 636,000 25.84%
455.7 1,088,100 38.85% 458.9 1,303,000 36.90% 433.4 1,060,000 31.85% 492.5 886,600 41.77% 448.8 841,800 40.78%
471.1 1,321,200 37.95% 454.4 1,455,900 37.12% 459.7 1,192,000 36.57% 548.1 894,100 44.31% 418.8 675,700 33.04%
469.4 1,001,100 29.24% 478.3 1,330,300 32.57% 494.6 1,120,400 32.28% 374.9 735,800 38.39% 539.9 684,400 23.66%