308.4 1,316,200 17.62% 412.7 2,331,600 11.45% 411.9 1,696,100 11.66% 352.2 1,044,700 31.27% 366.1 778,300 24.78%
409.8 1,423,100 13.30% 425.3 1,896,700 9.42% 467.2 1,441,800 11.11% 432.9 1,246,300 25.01% 424.7 869,000 21.24%
452.0 1,108,200 13.80% 433.7 1,162,800 9.69% 462.6 1,172,600 14.93% 424.7 1,011,100 30.16% 439.2 693,000 22.37%
398.7 1,010,800 16.27% 380.2 1,295,300 11.53% 397.6 1,080,600 18.79% 356.1 829,800 28.46% 553.0 701,800 26.00%
429.4 961,400 23.78% 370.1 1,355,000 17.72% 362.3 1,085,400 19.73% 394.5 742,500 26.89% 631.2 705,000 37.91%
372.7 1,063,000 16.87% 426.2 1,420,600 9.59% 410.8 1,290,200 12.58% 423.3 1,160,200 22.73% 351.4 865,100 22.35%
337.0 1,664,300 8.85% 356.2 1,890,800 9.16% 351.8 1,433,300 9.80% 464.3 1,261,400 22.70% 153.1 894,500 18.96%
289.4 1,248,000 16.98% 354.8 2,111,700 17.68% 367.3 1,474,300 16.20% 360.7 812,400 23.40% 335.6 701,100 21.99%
390.9 1,118,800 20.72% 372.2 1,551,000 19.10% 417.3 1,116,600 20.82% 336.3 979,000 34.90% 452.0 565,900 16.89%
414.6 878,200 25.29% 370.6 1,122,400 16.39% 401.3 1,080,800 22.01% 474.7 809,400 29.98% 548.3 650,800 43.72%
369.6 973,800 21.58% 433.1 1,834,900 3.86% 402.1 1,578,600 2.58% 417.5 1,037,100 21.61% 398.3 897,000 26.04%
358.5 1,607,600 10.68% 362.7 2,982,200 9.41% 386.5 2,260,000 9.61% 345.1 1,752,900 14.92% 321.7 1,033,000 16.73%
315.7 1,771,800 10.42% 324.5 2,185,600 7.59% 471.5 1,443,300 8.49% - - - 356.8 1,053,700 34.49%
345.4 2,480,200 19.06% 367.4 3,046,300 18.67% 418.8 1,902,900 22.21% - - - 361.7 932,500 29.73%
329.0 1,320,600 25.76% 476.2 1,921,300 21.20% 369.3 1,362,900 23.26% 369.3 978,000 21.96% 455.5 788,400 40.41%
336.2 1,400,400 27.35% 548.3 2,328,500 19.33% 381.4 1,372,400 29.03% 346.0 956,400 24.55% 380.4 912,100 31.95%
347.2 928,000 18.06% 403.6 2,528,100 19.80% 426.5 1,823,100 16.91% 411.7 1,310,300 16.40% 377.5 853,100 20.07%
315.0 2,569,500 17.10% 292.8 4,458,300 15.64% 316.2 2,995,700 16.72% 340.0 2,232,600 14.40% 364.0 1,351,300 28.94%
335.5 1,295,100 18.89% 405.1 2,651,200 21.29% 390.5 1,907,800 20.64% 307.0 1,267,600 18.30% 343.1 872,200 22.23%
394.4 1,467,300 15.46% 356.8 2,914,300 12.84% 369.1 1,762,400 11.92% 486.8 804,600 31.04% 422.7 622,700 32.55%
390.5 3,416,700 23.38% 379.0 4,518,400 18.03% 346.0 1,836,400 20.98% 388.0 1,618,000 20.80% 454.4 1,576,400 27.86%
337.8 1,424,300 18.07% 385.3 2,311,300 14.57% 376.7 1,187,400 18.53% 462.8 1,070,500 23.88% 340.3 826,200 24.56%
393.3 1,247,600 30.84% 407.8 2,749,100 21.08% 355.0 1,779,500 31.09% 430.3 958,700 28.33% 382.4 871,600 30.91%
335.3 1,091,000 22.73% 442.6 2,191,600 16.66% 347.5 1,259,900 24.20% 437.8 976,800 27.38% 386.4 749,300 27.61%
481.2 1,417,500 14.90% 512.9 1,779,600 16.59% 507.0 1,550,900 14.52% 599.7 1,141,900 18.31% 431.0 942,600 16.58%
476.5 1,617,200 20.45% 483.9 2,069,800 20.61% 476.6 1,557,200 19.99% 493.6 1,286,800 20.36% 403.4 1,010,000 31.44%
433.6 1,391,500 20.11% 405.5 1,585,200 20.36% 440.6 1,473,800 18.19% - - - 451.5 693,000 35.79%
476.5 1,014,400 21.49% 440.1 1,248,200 18.91% 438.1 1,106,200 22.37% 448.7 979,900 31.39% 514.9 649,800 28.44%
390.1 1,117,900 25.64% 428.6 1,569,700 22.04% 421.5 1,190,200 24.59% 421.7 938,800 26.79% 403.7 718,600 31.03%
445.3 1,320,800 17.80% 465.1 1,457,500 16.30% 472.6 1,210,400 20.38% 457.9 951,600 31.96% 447.6 845,100 39.31%
416.5 1,079,600 32.14% 422.2 1,473,400 25.21% 432.0 1,169,500 28.08% 462.4 983,100 23.87% 456.4 757,200 37.30%
415.6 1,125,500 20.15% 401.3 1,427,600 17.51% 406.4 1,134,700 22.52% 445.7 848,700 33.32% 483.6 717,600 30.35%
490.4 977,800 27.71% 457.5 1,252,700 24.22% 418.4 1,036,400 24.90% 453.6 789,700 28.21% 502.7 682,600 32.78%
392.4 1,157,500 24.18% 397.8 1,390,000 21.47% 377.1 1,030,900 21.57% 437.3 741,300 29.26% 359.4 640,100 31.41%
432.8 949,100 24.87% 413.4 1,249,000 22.20% 463.3 1,051,600 23.12% 484.9 859,700 28.52% 549.1 621,000 25.74